424,946 -> 985,946
535,833 -> 716,833
249,328 -> 772,328
616,905 -> 981,905
46,877 -> 227,877
841,770 -> 747,770
202,44 -> 633,475
556,354 -> 556,829
617,864 -> 129,376
318,310 -> 318,927
259,300 -> 259,485
167,482 -> 167,265
349,184 -> 885,184
616,199 -> 921,199
710,162 -> 710,373
499,87 -> 499,214
905,51 -> 258,51
134,739 -> 858,739
879,428 -> 496,45
208,599 -> 208,908
68,225 -> 268,225
971,324 -> 940,355
827,358 -> 130,358
954,726 -> 311,83
207,195 -> 936,195
42,935 -> 921,56
955,46 -> 35,966
627,361 -> 627,888
455,316 -> 729,42
858,503 -> 165,503
795,68 -> 388,475
697,477 -> 986,477
932,633 -> 932,114
376,730 -> 270,730
598,672 -> 833,672
69,46 -> 935,46
178,95 -> 862,779
633,73 -> 34,672
488,690 -> 517,661
784,450 -> 784,986
955,560 -> 955,760
651,959 -> 172,480
406,330 -> 406,439
955,737 -> 987,737
194,272 -> 843,921
18,553 -> 93,553
422,387 -> 249,387
318,79 -> 494,79
181,814 -> 709,814
63,62 -> 987,986
636,357 -> 162,357
973,15 -> 27,961
444,415 -> 58,415
884,531 -> 447,968
320,928 -> 73,928
154,357 -> 426,357
200,482 -> 367,315
505,872 -> 505,861
314,432 -> 502,244
912,676 -> 912,618
683,590 -> 881,788
761,708 -> 761,758
40,941 -> 543,438
847,370 -> 801,370
701,297 -> 619,297
140,618 -> 725,618
72,24 -> 968,920
767,396 -> 434,63
710,918 -> 213,421
917,770 -> 92,770
20,979 -> 987,12
909,62 -> 152,62
932,987 -> 56,111
460,382 -> 797,719
518,388 -> 964,388
456,299 -> 456,15
84,783 -> 786,783
982,669 -> 58,669
140,156 -> 140,130
613,264 -> 613,582
267,636 -> 267,805
141,631 -> 762,631
575,26 -> 243,358
318,900 -> 704,514
118,914 -> 118,757
952,846 -> 99,846
673,353 -> 673,633
422,130 -> 228,130
738,52 -> 717,73
307,307 -> 126,307
484,161 -> 942,619
576,886 -> 52,362
375,297 -> 505,297
950,82 -> 243,789
411,57 -> 411,844
879,137 -> 879,334
483,703 -> 483,213
192,24 -> 74,142
561,286 -> 263,584
493,121 -> 493,604
715,576 -> 715,945
238,258 -> 461,258
331,470 -> 851,470
435,22 -> 435,273
315,377 -> 135,557
128,195 -> 794,861
391,143 -> 391,580
33,680 -> 814,680
611,50 -> 611,79
650,28 -> 650,57
196,538 -> 622,964
333,222 -> 333,457
313,254 -> 803,254
508,581 -> 41,581
40,411 -> 55,411
458,600 -> 775,283
105,678 -> 105,345
397,546 -> 814,963
915,669 -> 915,793
773,952 -> 395,574
884,198 -> 404,198
408,929 -> 408,623
123,158 -> 340,158
418,927 -> 757,588
304,338 -> 304,990
505,184 -> 505,28
938,869 -> 938,181
11,959 -> 949,21
232,949 -> 232,660
479,826 -> 479,69
323,427 -> 834,427
460,385 -> 460,94
199,529 -> 493,823
767,58 -> 134,691
901,320 -> 861,320
31,354 -> 28,354
335,165 -> 980,810
586,394 -> 277,394
106,807 -> 567,346
814,987 -> 79,987
166,766 -> 166,990
883,213 -> 676,420
458,454 -> 936,454
878,953 -> 878,682
868,340 -> 868,503
778,252 -> 778,159
237,611 -> 928,611
221,357 -> 643,779
793,775 -> 509,491
719,78 -> 719,878
764,722 -> 107,65
696,323 -> 696,816
49,726 -> 385,726